name,email,insertions,deletions,lines_changed,files,commits,first_commit,last_commit
Yihui Xie,xie@yihui.name,15469,4242,19711,1792,780,2018-01-03 17:02:56+00:00,2024-10-20 17:28:52+00:00
christophe dervieuxChristophe Dervieux,christophe.dervieux@gmail.com,452,155,607,32,11,2019-11-18 15:34:59+00:00,2023-03-24 19:43:40+00:00
Xianying Tan,shrektan@126.com,206,5,211,16,7,2018-08-28 17:01:05+00:00,2018-11-28 16:23:34+00:00
Daijiang Li,dli1@ufl.edu,176,5,181,8,3,2018-06-21 21:18:54+00:00,2018-08-05 21:18:19+00:00
Salim B,salim@posteo.de,62,18,80,9,3,2019-09-23 16:25:17+00:00,2020-02-11 20:12:42+00:00
Wush Wu,wush978@gmail.com,382,13,395,19,2,2020-06-20 20:53:45+00:00,2020-07-22 20:35:48+00:00
Michael Chirico,michaelchirico4@gmail.com,52,41,93,15,2,2020-11-11 02:20:32+00:00,2024-05-21 14:50:09+00:00
Michael Chirico,chiricom@google.com,6,10,16,3,2,2020-11-11 22:39:50+00:00,2024-10-17 21:56:42+00:00
Liming,36079400+clarkliming@users.noreply.github.com,20,1,21,2,1,2021-06-08 17:30:41+00:00,2021-06-08 17:30:41+00:00
Martin MÃ¤chler,maechler@stat.math.ethz.ch,2,1,3,2,1,2022-05-20 14:04:16+00:00,2022-05-20 14:04:16+00:00
HughParsonage,hugh.parsonage@gmail.com,2,2,4,1,1,2021-06-04 03:23:09+00:00,2021-06-04 03:23:09+00:00
Xinyuan Chu,chuxinyuan@outlook.com,7,3,10,2,1,2024-07-03 20:53:23+00:00,2024-07-03 20:53:23+00:00
Harshvardhan,40472851+harshvardhaniimi@users.noreply.github.com,29,22,51,3,1,2023-04-26 02:39:39+00:00,2023-04-26 02:39:39+00:00
Alban Sagouis,25483578+albansagouis@users.noreply.github.com,13,0,13,4,1,2023-01-14 02:10:30+00:00,2023-01-14 02:10:30+00:00
John Zobolas,bblodfon@users.noreply.github.com,44,0,44,2,1,2020-11-16 16:21:43+00:00,2020-11-16 16:21:43+00:00
Arnaud Gallou,67476099+arnaudgallou@users.noreply.github.com,11,8,19,3,1,2024-08-29 19:01:29+00:00,2024-08-29 19:01:29+00:00
Etienne Bacher,52219252+etiennebacher@users.noreply.github.com,18,2,20,16,1,2021-09-16 02:23:25+00:00,2021-09-16 02:23:25+00:00
eitsupi,50911393+eitsupi@users.noreply.github.com,2,1,3,2,1,2023-02-01 18:20:08+00:00,2023-02-01 18:20:08+00:00
Kishore Vancheeshwaran,24776049+kishvanchee@users.noreply.github.com,28,2,30,2,1,2019-10-01 15:11:00+00:00,2019-10-01 15:11:00+00:00
